0.42709124
1
51
[ 0.06160224 -0.05591013 -0.03849664  0.00504815  0.02538324 -0.01659201
  0.0025972   0.06916838  0.02277302  0.04258168 -0.07128432 -0.01973615
  0.01749786 -0.0119475  -0.02497358 -0.01448769 -0.01573296 -0.02210604
 -0.11154377  0.04255782 -0.06608023 -0.0176408  -0.01801912 -0.00981274
 -0.00776676  0.03062981  0.00648346  0.06013461  0.01072503 -0.00437111
 -0.05075785 -0.08322834 -0.10858315 -0.06402254  0.00203838 -0.08593442
 -0.04034678 -0.03014352  0.0421265  -0.03578482  0.01236873  0.01610984
 -0.00165768 -0.05379257 -0.02163599  0.02540799  0.00601207 -0.03022271
  0.04392492  0.07185752  0.08326323 -0.01381609 -0.04610025 -0.03381272
 -0.03080616  0.01043572  0.04466232  0.06114113  0.01660604  0.02049703
 -0.06792905 -0.01946172  0.08549812 -0.0559001  -0.09262349 -0.0301477
  0.01917464  0.00259478  0.02657986  0.00724455 -0.04794738 -0.03875019
 -0.02391426 -0.03421517 -0.07223463 -0.03534535 -0.08786634  0.01738381
  0.03921135 -0.04848392  0.0485473  -0.05488993 -0.02124836  0.04672991
 -0.0122502  -0.10391271 -0.02125009  0.02908295  0.00400134 -0.08045338
  0.01185971  0.00923075  0.07838942  0.02721287  0.0916469   0.12250141
  0.01322723  0.00537492 -0.02905125  0.0298907  -0.0498256   0.00521083
  0.03588293 -0.00713839  0.02663124  0.03184851  0.01466785 -0.0430081
 -0.09144847  0.00534232 -0.03436718 -0.04143493  0.01636506 -0.05907973
 -0.03672193  0.02050827  0.01844711  0.03315749  0.04133481 -0.03714983
 -0.00438119  0.01067294 -0.02636297 -0.02180359  0.04117626 -0.04093147
  0.01927714 -0.00435471  0.01622169 -0.06761014 -0.01519981  0.01707906
 -0.03808109 -0.00304041 -0.03289749 -0.03528149  0.02012649 -0.00722898
  0.05459667 -0.00491089  0.03097949  0.0114074  -0.01353263  0.04623951
  0.04257124 -0.07491294 -0.06229313  0.01173634  0.03162412  0.03822469
  0.0115139   0.00421631 -0.00018845 -0.02895807  0.03607044 -0.05975701
  0.00504526 -0.07245044  0.03069281 -0.00373528 -0.01402987 -0.12948465
  0.08273723 -0.00643068 -0.01299505 -0.0261106   0.08578398  0.02179823
 -0.08380762  0.09456901  0.00339318 -0.03916114 -0.0105783  -0.02395309
  0.00066375  0.0858107   0.06075364 -0.03972644  0.11587026 -0.03311039
 -0.08579436  0.04782137  0.00716902  0.0236061  -0.01601686  0.00934254
  0.0184522  -0.07124223 -0.03223309  0.01301371 -0.01972607 -0.03144583
 -0.04522359 -0.02546001  0.0863087  -0.01189728  0.04335081  0.04380925
 -0.02844328  0.04574537 -0.04210263 -0.01081033  0.00839809  0.00855058
 -0.04839784  0.06173349  0.02480858 -0.03721486  0.02139011 -0.04788437
 -0.00494194 -0.11129466 -0.01961948 -0.00066011  0.04256136  0.05869889
  0.03743456  0.01882102  0.01803797 -0.02980916  0.06373981  0.01308584
  0.07962568 -0.01122893 -0.01815172  0.04439093 -0.0107267  -0.08452561
 -0.04443924  0.00360138 -0.00224992  0.03933608  0.0602938   0.01060017
  0.02303036 -0.08291846  0.08546868  0.08020481 -0.04942165 -0.06122493
 -0.11428516  0.01013396  0.0214382   0.0783268   0.02693572 -0.0094306
 -0.00695175  0.01055169 -0.02820142  0.00899682  0.06780758  0.06785502
 -0.03927895  0.02551576  0.01047173  0.02819824  0.02113774  0.03289274
  0.01987634  0.00518307 -0.02115772  0.00649099 -0.03992211 -0.03248908
 -0.02881943  0.01033202  0.03962271  0.02027423  0.01674826 -0.09814157
  0.01497186 -0.01252007 -0.04174274  0.00174853 -0.04021407  0.03100824
 -0.03539523 -0.04589875 -0.00301417 -0.01688374 -0.01848359 -0.06971179
 -0.00517645  0.0238525   0.05048957  0.06736173 -0.02653533 -0.02908345
 -0.00849159  0.03906609  0.02763806 -0.13182095 -0.05709397 -0.05450989
 -0.01990233  0.0343351   0.08019447  0.01508908 -0.05164515  0.01738636
 -0.0208776  -0.00596505 -0.00770598 -0.03105457  0.02221931 -0.05460998
  0.00317234 -0.06701815 -0.02130485 -0.06176599 -0.0505534   0.07242709
  0.06235914 -0.03627327 -0.04303867  0.0645247   0.04566531 -0.05249852
  0.13274321 -0.04683159  0.00578396  0.01827242  0.10387261  0.03735749
 -0.01621787  0.05533501 -0.03365258  0.01541838  0.02486963 -0.04053834
  0.05722805  0.03962975  0.01814598 -0.02010104  0.03634376  0.01499476
 -0.06946196  0.00899576  0.02332735 -0.00766849 -0.02155844  0.02867162
  0.00799541 -0.00160577  0.01231086 -0.04492953 -0.03226367  0.02477258
  0.01114135 -0.02563033 -0.01935964 -0.01618469  0.05833942  0.02712811
  0.02240651 -0.01692025 -0.04437409 -0.04884739 -0.05761218 -0.01427104
 -0.03000094  0.02589635  0.06747574  0.01742564 -0.03589217 -0.01441463
 -0.08178043 -0.01729043  0.04937392 -0.00643596  0.06228424 -0.03208471
 -0.03636911  0.00113815  0.01059156  0.0019639   0.03911061  0.01291157
 -0.03416251  0.00827871 -0.01527608 -0.00585685 -0.10793621  0.01280734
 -0.07379786 -0.06154891  0.04619167 -0.02206306  0.05726193 -0.03489869
  0.07377452 -0.04389367  0.04844974 -0.02905416  0.05822119 -0.01603294
  0.0581142  -0.00836595 -0.08856973  0.03212598  0.00249288  0.00377274
 -0.00378899  0.04594467  0.01984891  0.04942396  0.00449003  0.02523598
  0.00086806  0.01936963  0.0204744   0.06819929  0.04085826 -0.01408849
 -0.03786334 -0.0327373  -0.04988075  0.02760302  0.01122447  0.01134965
 -0.02216786 -0.02309688  0.00096348 -0.02470599  0.08479777  0.04344152
  0.0579767  -0.02537155 -0.00699662  0.08109374  0.03547453  0.02239739
  0.029746   -0.03982827  0.03382507 -0.1167732   0.04427594 -0.01882276
 -0.01039602  0.02107671 -0.08561499  0.02603833 -0.02283581 -0.05568051
 -0.0092973   0.04643954  0.02314019 -0.0073335   0.05032657 -0.03999589
  0.00924508 -0.03986698 -0.01127093  0.04304209 -0.07782014  0.01628321
 -0.00899553  0.08325888  0.00660351 -0.05292805 -0.03607108 -0.06277127
 -0.04253238  0.03316325 -0.02071845 -0.05786547 -0.01529052  0.06648132
 -0.02581441  0.04868107 -0.06041813 -0.04457686  0.1189357   0.0353054
 -0.0169074  -0.0174364  -0.02731954 -0.00620815  0.00211161 -0.06565892
 -0.02757134 -0.03338752 -0.00842869 -0.03198123  0.00368691 -0.01875886
 -0.00030549  0.05446877 -0.00491138 -0.02416842 -0.01112419 -0.00982684
 -0.0116784  -0.00814133  0.00082704 -0.00548184  0.04617111 -0.04953036
  0.0051181  -0.04771326  0.01153699  0.07798561 -0.0337873   0.08120935
  0.03150519  0.0422786  -0.06646048 -0.03218639 -0.08078957 -0.05078836
  0.00503932 -0.02688962]