[ 0.02433191 -0.04759261 -0.04535258  0.02416532  0.01984949  0.00566792
  0.02344627  0.05525893  0.00853417  0.04554139 -0.05674035 -0.02130673
  0.03362271  0.04263318 -0.01417696 -0.01965402 -0.0531083   0.02823288
 -0.09038145  0.00285405 -0.08494501 -0.00534858  0.0239811  -0.01831976
 -0.00876231  0.01635283  0.03337761  0.04551079 -0.02836667 -0.05993797
 -0.06394838 -0.06253321 -0.08550682 -0.03125283  0.06665346 -0.0755058
 -0.07341999 -0.02525681  0.02265511  0.00910254  0.01165933  0.04703137
 -0.07360785 -0.05558604 -0.01015989  0.06496993  0.01532095 -0.01937015
  0.07071064  0.07427037  0.07350546 -0.04677973 -0.03470966 -0.0384489
 -0.06231705 -0.00213483  0.05363144  0.11280153 -0.00468061 -0.01856033
 -0.06615235 -0.05634873  0.0882749  -0.01397851 -0.07002233 -0.04701116
  0.08560729  0.01125527  0.04430186 -0.06627056 -0.05230615 -0.01222559
  0.030286   -0.0880507  -0.07696683 -0.01609318 -0.05838061  0.00799433
  0.02808766 -0.0025295   0.1041406  -0.02301305 -0.00835569  0.05312971
 -0.00403062 -0.07422604  0.02037653  0.04202555  0.03809326 -0.04651387
  0.00041171  0.01277619  0.07535283  0.06668445  0.08034483  0.03772353
  0.03938549  0.01813089 -0.00262823  0.03308263 -0.07196956 -0.01140343
  0.02281002 -0.02323737  0.01612214 -0.00740694  0.03703303 -0.03104612
 -0.06580564  0.02969635 -0.02555651 -0.01989644  0.0345782  -0.07256117
 -0.08526175  0.03917697  0.02359171  0.02767006  0.01253427 -0.01847589
 -0.03554694 -0.00040427 -0.03784632 -0.00608408  0.02065118 -0.04147967
  0.03588268 -0.01250491  0.00527072 -0.01420329  0.00398643 -0.01959779
 -0.09124336 -0.01646038 -0.07775513 -0.04684502  0.00901588  0.01189828
  0.06724971 -0.04296732  0.0046574  -0.03488325 -0.10252375  0.01321179
  0.0661853  -0.09094018 -0.02533908  0.04043179  0.00888765  0.0341594
 -0.04201451 -0.02583877  0.00774188 -0.01706548  0.00670929 -0.04250206
  0.00917185 -0.04437013  0.00736505 -0.02253987 -0.02733606 -0.12253059
  0.04792352  0.02578002  0.00503483 -0.01669695  0.09495241 -0.00031314
 -0.0917118   0.1372519   0.02127735  0.01399499 -0.01067492 -0.06457073
 -0.01363417  0.04992248  0.07852321 -0.0199417   0.11184175  0.00571266
 -0.06127982  0.05158899  0.00893411 -0.0150534  -0.01252669  0.0332252
  0.00107772 -0.0531069  -0.06575428 -0.01027286 -0.01596894  0.00511705
 -0.05083229 -0.01682671  0.08638448  0.04046408  0.03342584  0.02126825
 -0.02704915  0.02030746 -0.00867723  0.03314977 -0.00272522 -0.03115031
 -0.05351483  0.08596218  0.03321983 -0.00672853 -0.0143966  -0.0075829
  0.01764755 -0.07160091 -0.05286937  0.04643269 -0.02315921  0.07061765
  0.07563107  0.01584586 -0.04145237 -0.02285875 -0.00785113 -0.00559463
  0.07015413 -0.04465651 -0.01234008  0.03836551  0.015017   -0.08066907
 -0.03217505  0.00847562  0.0260983   0.01539242  0.07014041  0.06136902
  0.01253573 -0.06809119  0.03830383  0.04988812 -0.06666826 -0.10892932
 -0.06934608 -0.02423478  0.01256888  0.07720917  0.09038103 -0.00588278
 -0.01586603  0.01662073 -0.02417698  0.05810417  0.0758311   0.03384886
 -0.03805903 -0.0109914  -0.00585422  0.01891754 -0.02245477  0.061101
  0.00261334  0.07866038  0.02457781  0.01161272  0.0238658  -0.0266067
 -0.00472018 -0.04195897  0.02060331  0.03881691  0.00545808 -0.06000525
  0.04276701 -0.04058684 -0.00975458 -0.0098056  -0.03179544  0.05005719
 -0.0097215  -0.03107548  0.04093142 -0.01161874  0.00831968 -0.06589653
  0.01420496  0.006439    0.02971744  0.0182311   0.01322644 -0.03997865
 -0.0173887   0.05416413 -0.01183698 -0.09186871 -0.03613975 -0.01300966
  0.01584074  0.05407133  0.13894519 -0.00491084 -0.01022502  0.03063162
  0.00377537  0.01187158  0.05562006 -0.06283973  0.06354549 -0.00579318
 -0.01305281 -0.0335536  -0.01964406 -0.01428956  0.02540034  0.03393198
  0.03343671 -0.03293597 -0.08983333  0.05732244  0.02808181 -0.01667535
  0.12763993 -0.08184756  0.00854488  0.03688532  0.09204188  0.01081867
  0.02018306  0.04734689 -0.03941741  0.02867402  0.01266778  0.00881791
  0.02855382  0.05671899  0.02368604 -0.01740909  0.08390509  0.00172825
 -0.06229124  0.02404961 -0.01288298  0.00535101 -0.03556928 -0.00625691
  0.01254425  0.00264989 -0.03137365 -0.02140586 -0.03394342  0.02836824
  0.0236475  -0.00469949 -0.03838428  0.02150068  0.05646923  0.03363535
  0.0194566   0.00620341 -0.05899776 -0.01742246 -0.06130689 -0.02629396
 -0.04208197 -0.00268961  0.08311395  0.01048228 -0.09512009  0.01361198
 -0.08016805 -0.0523263   0.04899237  0.00749631  0.071029   -0.0249937
 -0.00335877  0.00803006 -0.01547275 -0.00847931 -0.01048463  0.04842016
 -0.02966181 -0.01015907 -0.04434459 -0.02856563 -0.06655417  0.03684376
 -0.07464335 -0.09297553  0.07228402  0.02119077  0.03385473 -0.04167836
  0.03478256 -0.05059884  0.0080587  -0.00857257  0.05488816  0.00344667
  0.03405527 -0.02793781 -0.04085911 -0.01779049 -0.00510895  0.03816342
  0.01130458  0.00596833 -0.00452658  0.04912455  0.02891151  0.03281486
 -0.01761144 -0.03187219 -0.00674202  0.0565789   0.08626144 -0.01778101
 -0.02096609 -0.05089284  0.01932082  0.03117296  0.0242021   0.00566534
 -0.00875112 -0.00685179  0.00764721 -0.0332365   0.07870527  0.0054418
 -0.00618399 -0.02608369 -0.03077477  0.05717599 -0.0274722   0.01886433
  0.02873095 -0.02445727  0.03885983 -0.08697627 -0.00150268 -0.04151683
 -0.01267864  0.03883616 -0.01887076  0.00473974 -0.05248137 -0.03404747
  0.01362561  0.03704371  0.02413833 -0.01031699  0.02794265 -0.09013647
  0.00974404 -0.0183406  -0.00769477  0.04082505 -0.03125046  0.01621107
  0.04169753  0.102203   -0.0317648  -0.04504675 -0.03347401 -0.02762826
 -0.01101694  0.0211995  -0.00211702 -0.0178275  -0.05047347  0.03243712
 -0.01826487  0.05960365 -0.02292397 -0.03475645  0.06864884 -0.00238779
 -0.04605627 -0.01275176 -0.026438   -0.05999978  0.02037363 -0.07813843
 -0.02642283 -0.07906854 -0.02594834 -0.00465941  0.02669907  0.00054389
 -0.01099697  0.02024919  0.01796342 -0.00721917  0.02769703  0.0245042
 -0.0119939   0.03049317  0.03005838  0.00414395  0.07836429 -0.03568975
 -0.00845638 -0.00887624  0.02602275  0.0627751   0.01652439  0.07986701
 -0.00748152  0.04480779 -0.00925382 -0.04362935 -0.09757245 -0.06839736
 -0.0328501  -0.01350748]