[-2.93939169e-02 -9.19865072e-03 -5.81349470e-02  2.66105291e-02
  1.04062604e-02 -8.89192894e-02 -3.65794683e-03 -2.01011859e-02
  7.55111687e-03 -3.24328467e-02  3.48243956e-03 -4.86211106e-02
 -8.90421346e-02  2.39119586e-02 -4.33718925e-03  2.45168563e-02
  3.47284749e-02  3.15317661e-02 -2.60411575e-02  4.75725047e-02
 -5.52630723e-02  3.27472994e-03  7.00753741e-03  2.99087670e-02
 -1.30207027e-05  9.70281940e-03  3.04823443e-02  5.43293804e-02
 -7.43917050e-03  2.57439129e-02 -2.76619615e-03  6.43135468e-03
  3.42794582e-02 -5.07796146e-02 -2.29289774e-02  3.72785255e-02
 -1.82140525e-02  4.47309837e-02  4.25066575e-02  3.92630659e-02
  2.88714953e-02 -7.29421601e-02  7.07924441e-02 -6.58220202e-02
  3.77747267e-02  6.52563870e-02 -5.05938083e-02  2.61511710e-02
 -2.12064218e-02  4.19689417e-02 -1.86758414e-02  4.68890183e-02
  3.67407389e-02  1.84250027e-02  1.21506400e-01 -1.60855278e-02
 -6.13846071e-02 -5.87585606e-02  3.17600258e-02 -3.90642248e-02
  1.83744822e-03 -4.07955609e-02  1.36722168e-02 -5.26542962e-02
 -1.55977849e-02 -6.50765970e-02  3.96971498e-03  4.46253829e-02
 -2.69938279e-02  2.24976316e-02 -1.15439311e-01  8.28142557e-03
 -7.92047288e-03  2.79810224e-02 -3.33473161e-02  8.73433203e-02
  4.41870131e-02  2.53720228e-02  2.65334044e-02  1.95333865e-02
  7.36841857e-02 -5.82806347e-03  9.40565839e-02  6.04891665e-02
  2.34303884e-02  3.40066738e-02 -5.06891944e-02 -1.50981834e-02
 -7.43415505e-02 -7.61701465e-02 -5.75270178e-03 -1.80287305e-02
  2.76670866e-02 -3.18790488e-02 -4.91321497e-02  6.30374923e-02
 -6.40148968e-02 -6.52243942e-02 -1.03302918e-01 -1.57122854e-02
  3.14150639e-02 -6.71427771e-02 -5.32862805e-02  2.90563237e-03
 -4.16467376e-02  3.17887752e-03  3.03919185e-02 -7.44688138e-03
 -1.09957522e-02  3.07084676e-02  1.06870025e-01  1.16131855e-02
  1.00028822e-02  4.33439761e-02  2.13781409e-02 -4.86105774e-03
 -5.69106899e-02  9.49181616e-03 -4.30154726e-02  9.10180286e-02
  1.82307158e-02 -1.15799136e-03 -1.14925504e-02  5.02897836e-02
 -3.67951440e-03  1.51486101e-03 -7.35967085e-02 -4.81317751e-02
 -3.37797403e-02  1.02592790e-02  2.84445584e-02 -6.08828589e-02
  2.73006614e-02  2.03508995e-02 -1.99261308e-02  3.19842026e-02
 -6.66241199e-02 -3.07425912e-02  1.27652232e-02 -4.17732671e-02
  8.53167195e-03 -2.53269845e-03  3.61274146e-02  1.73868313e-02
  6.97571039e-02 -6.98356926e-02 -2.70485189e-02  1.31196547e-02
  1.78474374e-02 -5.35718426e-02 -8.47565010e-02  7.77312275e-03
 -9.13051292e-02  5.00830971e-02 -5.59318922e-02 -1.10881869e-02
 -4.10309359e-02  2.83633992e-02  1.34410546e-03 -4.83096801e-02
  2.80859452e-02 -3.49760428e-02 -9.21022240e-03  2.18491405e-02
 -8.93074051e-02 -4.82864790e-02 -1.15599027e-02  2.64285933e-02
 -6.82091936e-02 -4.16661060e-04  3.91632551e-03  1.04467385e-01
  6.77232724e-03  9.54304705e-04  2.70260070e-02 -8.46954882e-02
  1.08643919e-01 -3.37833241e-02 -1.29843615e-02  4.74981638e-03
 -3.18131968e-02  8.03461112e-03  1.43218730e-02  3.57893854e-02
  6.50833622e-02 -8.01197365e-02 -7.21109565e-03  1.19318984e-01
  5.07074110e-02  3.03271729e-02 -2.74594221e-02 -4.61833812e-02
 -7.11363852e-02 -2.71116775e-02  8.56392756e-02  4.54035401e-02
 -2.73256004e-02 -4.03108681e-03  3.26675288e-02  1.20317414e-02
 -3.08948252e-02 -5.79397157e-02 -9.35733691e-03 -4.97683212e-02
  1.24665089e-02  1.28879147e-02  1.66558884e-02 -4.77550812e-02
  6.85533434e-02 -1.68445185e-02  1.01137884e-01 -2.34775748e-02
 -3.61625600e-04  6.81967707e-04  3.61184143e-02 -3.29674259e-02
  5.53927617e-03  2.57384889e-02 -4.54126783e-02  3.71730067e-02
  2.92994492e-02  1.23536102e-01  4.70090471e-02 -4.12055030e-02
  4.59879972e-02 -3.24691460e-02 -1.32513857e-02  3.56011353e-02
  2.13651322e-02 -4.85953838e-02  1.02731576e-02  2.05798186e-02
 -1.81788914e-02  1.24582332e-02  6.45616949e-02 -6.83858246e-03
 -7.68974843e-03 -1.92089155e-02  2.00045458e-03  1.17353313e-01
 -2.78083812e-02 -4.76142056e-02 -2.94208787e-02 -5.73494919e-02
  3.98975238e-03  6.97649302e-05 -2.14129481e-02  4.70891520e-02
 -5.40481657e-02  8.53758156e-02  4.84540239e-02 -8.02857205e-02
  2.42792461e-02  2.43289173e-02  3.70398071e-03  8.24533626e-02
  2.31616152e-03 -6.52558878e-02 -1.47787835e-02  4.83161919e-02
  1.43597508e-02  7.12977769e-03  2.33671013e-02  3.85962538e-02
  3.51972575e-03 -4.74371277e-02 -1.34639526e-02  1.20989038e-02
  3.45691405e-02 -3.96817662e-02 -6.20243419e-03  4.48523574e-02
 -1.44512318e-02  8.82826075e-02 -1.71587318e-02  2.60075331e-02
 -4.57579605e-02 -1.38763469e-02 -3.98440100e-02  1.28804147e-02
  3.10367681e-02 -2.81190109e-02  7.39366282e-03  2.02375557e-02
 -8.76995251e-02 -3.40595208e-02 -2.11169142e-02  4.64916490e-02
  8.05539489e-02  1.59275848e-02 -1.63315050e-02 -2.08954308e-02
  1.37674911e-02  2.96470593e-03 -8.61226171e-02  4.01326604e-02
  1.01903565e-01 -1.62517803e-03 -1.86963435e-02  7.02914521e-02
  1.44884186e-02  3.42453904e-02  3.24906688e-03 -7.45127797e-02
 -1.30915428e-02 -4.13631722e-02  6.43443838e-02 -3.61891165e-02
 -5.84017299e-02 -1.03692040e-02  2.33055837e-02 -1.45777771e-02
 -8.11987743e-02 -5.96868247e-03 -4.31880075e-03  1.12500172e-02
  1.20815039e-02 -8.39843508e-03  5.84337451e-02 -1.19921006e-02
  1.01859239e-03 -1.82156805e-02 -2.40490846e-02  8.29242617e-02
  8.34605657e-03 -2.28173491e-02 -3.28035257e-03  1.82752404e-02
 -4.93127033e-02  8.38234499e-02 -7.85260648e-03 -5.57822101e-02
 -3.48626487e-02  4.78500947e-02 -3.63328569e-02  3.10051278e-03
 -2.79774843e-03 -3.59343402e-02  6.77172616e-02  4.78514358e-02
 -7.01386109e-02  1.18020125e-01  3.32661755e-02  1.44793848e-02
 -1.41575467e-02 -1.03758357e-01  4.28804457e-02 -9.56019461e-02
 -8.78165290e-03 -3.82218994e-02 -3.75012401e-03 -1.60839669e-02
  4.68682498e-02  3.52409780e-02  8.89277086e-02  5.62818646e-02
  6.82918727e-03 -5.38249798e-02 -3.67104076e-02  5.55093074e-03
  3.27546522e-02  6.81683933e-03 -1.83458887e-02  2.02488601e-02
  1.28772659e-02  8.33316520e-03 -5.08606620e-03 -1.02402177e-02
  5.36304265e-02  3.32494639e-02  5.65277077e-02 -6.16065711e-02
 -4.60921694e-03  4.89646271e-02  1.42527244e-03 -4.26440202e-02
  3.82585055e-03 -3.24418582e-02  4.78488244e-02 -6.36957586e-02
  1.97324846e-02 -5.99043770e-03 -6.68946207e-02 -3.48862559e-02
 -6.88403621e-02  3.16190347e-02  7.89933722e-04  9.67548601e-03
  3.69107090e-02  1.72944739e-02  8.02833401e-03 -3.02840006e-02
  3.22354361e-02  6.87826350e-02  7.47323632e-02 -6.41416609e-02
 -2.61081122e-02 -2.50686780e-02 -3.31474235e-03  1.99753307e-02
 -4.43778373e-02 -4.36731838e-02 -6.35535344e-02 -2.05012243e-02
 -2.02809162e-02  7.71314837e-03 -1.28266290e-01 -3.75253521e-02
  1.34363109e-02  1.36593962e-02  3.89241725e-02  1.02876745e-01
  1.30364485e-02  4.81780730e-02 -1.22593958e-02 -3.07761617e-02
  1.34755978e-02 -1.47215705e-02  1.71608571e-02 -1.16688497e-02
  4.12053876e-02  9.07877833e-02  1.43735474e-02 -2.89068092e-02
 -6.03903942e-02  5.50661795e-02 -5.47477417e-03 -3.01288832e-02
 -3.81637067e-02  8.13973881e-03 -2.07372066e-02 -3.95571329e-02
 -4.99106608e-02  6.14576712e-02 -1.72189306e-02 -8.14203769e-02
 -1.89383933e-03 -2.26628687e-02  1.21058095e-02 -7.51699433e-02
  1.76831111e-02  2.49100514e-02  3.76104712e-02 -1.37238568e-02
 -1.96561664e-02 -2.70368978e-02 -2.94432510e-02 -5.60599826e-02
  1.28927445e-02  9.09089576e-03  7.90163502e-02  8.18775967e-02
  2.55773757e-02  2.43615117e-02  6.94425777e-02  6.22564480e-02
  1.92299541e-02  1.61638875e-02 -3.93979549e-02 -2.85511967e-02
  8.90071318e-03 -8.00996870e-02  3.36020477e-02  1.39799351e-02
  9.54856537e-03 -5.10212854e-02  5.40693626e-02  1.23864664e-02
 -1.37079821e-03 -1.64696518e-02 -2.62770262e-02  3.61857004e-02
  2.21647713e-02 -5.59221618e-02  2.44446173e-02  5.25188856e-02
 -3.80055718e-02 -1.96937080e-02  6.87786862e-02  2.03061085e-02
 -2.63140965e-02  5.50805070e-02 -3.31293419e-02  1.68834832e-02
  1.26634166e-02 -1.37885019e-01 -2.48310249e-02  1.99974943e-02
  3.04426998e-02  4.21691015e-02 -4.00432199e-03 -7.14618191e-02
 -3.47204432e-02 -3.21171954e-02 -5.06043527e-03 -5.84732890e-02
 -4.60850671e-02 -6.16432466e-02  2.88435933e-03  3.99222746e-02
  1.66838616e-02 -1.32069539e-03  3.47378626e-02 -2.62276195e-02
  3.14724557e-02  5.83886728e-02  1.71537176e-02 -3.36662754e-02
 -2.24101730e-03  5.99825084e-02  1.79695580e-02 -4.49412391e-02]