0.7172673
1
58
[ 5.36757568e-03  6.13620766e-02 -3.15602720e-02  2.24291738e-02
  3.90084758e-02 -8.33886638e-02 -7.17849098e-03 -4.53031734e-02
  2.95484420e-02 -3.89336236e-02  4.00331952e-02  3.79060581e-03
 -8.47499445e-02  4.31507267e-02  8.18946138e-02  1.40126608e-03
 -9.58520174e-03  2.95183882e-02 -4.85827886e-02  1.80503186e-02
 -1.06303878e-01 -2.75947209e-02 -1.70632079e-02 -1.64642408e-02
 -2.42060386e-02  1.70938540e-02 -1.25528919e-02 -2.27704328e-02
 -7.09983706e-02  1.97239174e-03 -7.27824345e-02  2.91754361e-02
  1.12266755e-02 -6.19911253e-02 -7.71922767e-02  1.18447822e-02
 -3.11453715e-02 -2.61993334e-02 -1.66244972e-02  2.37549227e-02
 -2.69994736e-02 -4.02849764e-02 -1.90078299e-02 -7.97419623e-02
  5.55577241e-02  2.54902262e-02 -8.16540271e-02  9.44929570e-03
 -2.72735432e-02 -7.62118213e-03 -6.67825416e-02  2.33727694e-02
  1.83338430e-04  1.54456799e-03  9.82249752e-02 -2.70266533e-02
 -3.72378267e-02 -7.99940601e-02  4.94159125e-02 -1.00095039e-02
  5.12814857e-02 -6.37053624e-02  1.67283602e-02 -6.89007118e-02
 -4.78430539e-02 -2.74930149e-02 -3.36528453e-03  2.48354394e-02
  1.91071369e-02  4.76698987e-02 -1.23402908e-01 -1.37758004e-02
  4.57909890e-03  5.36726639e-02 -3.39959227e-02  5.76686151e-02
  5.27432747e-02 -1.30213024e-02 -1.73789803e-02  3.43755595e-02
  3.15874740e-02 -4.60027643e-02  8.76176059e-02 -1.60772614e-02
  4.66892347e-02  6.80454150e-02 -4.18029204e-02  5.23255067e-03
 -3.22710089e-02 -7.45054185e-02 -3.84055078e-02 -3.71487960e-02
 -2.14466825e-03 -6.22057989e-02 -2.68495996e-02  2.36873105e-02
 -5.11539429e-02 -1.07528254e-01 -4.16224338e-02 -4.09529470e-02
  3.69460583e-02 -1.77357309e-02 -5.23909628e-02 -4.47761919e-03
 -3.87023166e-02  7.90696871e-03  6.06404468e-02  2.60103233e-02
  1.43922772e-03  4.34369408e-02  1.69796068e-02  2.45859823e-03
 -3.75881791e-02 -1.66387539e-02  2.46780869e-02 -1.65295452e-02
 -1.63757894e-02  1.43922586e-02 -1.95595492e-02  9.10631567e-02
 -2.93787364e-02  4.96442728e-02  1.05388127e-02  2.62255464e-02
  6.33253437e-03 -2.24224348e-02 -4.01722081e-02 -7.27263018e-02
  2.00540293e-02  1.42509979e-03 -1.73270144e-03 -5.82759306e-02
 -7.06361234e-02  3.96246687e-02 -5.28307147e-02  2.00331621e-02
 -7.61791244e-02  2.36042822e-03 -2.68779974e-03 -5.43342493e-02
 -6.81991084e-03  3.47083844e-02 -5.28150995e-04 -5.19505925e-02
  5.42140529e-02 -1.60082970e-02 -6.11772295e-04  4.50400822e-03
  2.19178461e-02 -7.54727349e-02 -6.02230579e-02 -1.58920623e-02
 -5.55656217e-02  4.03810181e-02 -4.06168401e-02 -6.47411719e-02
  6.55256733e-02  4.13140431e-02  2.08941475e-02 -1.59614254e-02
 -5.74568193e-03  6.58024773e-02 -3.85710085e-03 -3.21295410e-02
 -6.98604584e-02 -3.91157344e-02  1.21667841e-02  8.69397540e-03
 -1.01241417e-01  5.20122657e-03  2.30601318e-02  1.40339047e-01
  7.31526222e-03 -1.70314626e-03 -3.89090320e-03 -1.03508510e-01
  3.31091546e-02 -6.14573956e-02  2.90009100e-02  3.47813033e-02
 -2.49978323e-02 -1.22815715e-02  1.10152597e-02 -2.08431296e-02
  1.74036752e-02 -7.20437765e-02  7.74961635e-02  5.65538220e-02
  3.70172895e-02  8.10656790e-03 -4.93934155e-02 -2.06267480e-02
 -5.30757010e-02 -3.13010775e-02  2.53969189e-02 -3.97855882e-03
 -3.95417251e-02 -1.60989538e-02  5.25579415e-02  1.69219915e-02
  2.12415209e-04 -1.70276519e-02 -1.22005129e-02 -5.10985032e-02
  2.88097803e-02  6.96196333e-02  4.53684945e-03 -7.65487999e-02
  7.26254582e-02  2.16075554e-02  2.58506779e-02  6.02176297e-04
 -2.00861786e-02  1.60148162e-02  3.95685062e-03  6.47481764e-03
  3.48011702e-02 -9.76183079e-03 -2.93775257e-02  1.36014819e-02
 -3.03930161e-03  1.02632411e-01  8.09756890e-02 -1.04453720e-01
 -2.37815399e-02 -2.48904917e-02  2.51796748e-02  2.64787879e-02
 -4.39527910e-03 -4.79225703e-02 -6.61833510e-02  6.20977543e-02
 -3.47397625e-02 -4.04194146e-02  6.65669814e-02 -6.24732673e-03
  3.02134659e-02 -5.15173934e-02 -7.92744383e-03  2.09744927e-02
  5.06524043e-03 -8.27763323e-03  7.63180032e-02 -3.23977880e-02
  7.68697588e-04  3.16237025e-02  2.25515328e-02  4.11883146e-02
 -5.65719865e-02  5.23299500e-02  1.60569400e-02 -2.31983848e-02
 -1.36422347e-02  1.59550942e-02  1.34396702e-02  5.80050759e-02
 -1.68867782e-02  2.24298555e-02 -2.25618631e-02 -1.16219437e-02
 -9.90027282e-03 -3.83954197e-02 -2.46592127e-02  1.10237496e-02
 -3.53483297e-02  2.95021087e-02 -1.46500524e-02  4.41004336e-02
  7.70308301e-02 -2.52689216e-02 -1.36895180e-02  4.27124985e-02
  3.58909704e-02  2.69065350e-02 -1.38237886e-03  5.92771731e-02
 -4.12350101e-03 -3.82444225e-02 -8.32865667e-03  5.80278225e-03
 -3.98572013e-02  6.84534851e-03  5.94739849e-03 -2.12451648e-02
 -7.24614263e-02  1.39062274e-02 -3.46608460e-02  2.93255467e-02
  2.43357848e-02  7.37494379e-02 -5.20768762e-02 -2.50418913e-02
  4.02811617e-02  2.27858424e-02 -2.37086248e-02 -5.37836784e-03
  8.27727914e-02  3.78714688e-02 -6.45986944e-02  2.26075128e-02
  2.37573534e-02  4.68898676e-02  4.91960123e-02 -4.55896743e-02
 -2.22555306e-02  1.37577076e-02  6.29129708e-02 -3.91447637e-03
 -7.26020187e-02 -3.28497812e-02 -1.85980205e-03  1.46911377e-02
 -2.42141765e-02 -8.18980262e-02 -3.50309499e-02 -5.57580357e-03
 -1.99408010e-02 -4.25477549e-02  7.34054372e-02 -1.33649614e-02
  1.36327092e-03 -6.67242259e-02 -5.12921847e-02  7.37898573e-02
  1.41880941e-02 -6.78725615e-02 -7.07490668e-02  2.80177146e-02
 -1.68737788e-02  1.13329366e-01 -5.87018318e-02 -4.00370695e-02
 -2.38625379e-03 -3.28613855e-02 -1.61496866e-02 -3.24879773e-02
 -2.09842473e-02 -2.35439576e-02  5.51920049e-02 -3.67281251e-02
 -3.80470715e-02  1.36325508e-01 -1.76574346e-02  1.17501328e-02
 -1.86089589e-03 -7.02260509e-02  5.99385574e-02 -6.85389787e-02
 -6.31282553e-02 -1.84423290e-02  2.40977407e-02  1.03229824e-02
  5.52824624e-02 -1.96924526e-02  3.26696970e-02 -6.21284507e-02
  5.34685589e-02 -2.40925439e-02 -5.31674828e-03 -2.08129473e-02
 -1.28585903e-03 -1.82859618e-02 -7.26035759e-02 -4.03769352e-02
  6.78657517e-02 -1.10178692e-02 -2.53667764e-04  9.28518176e-03
  2.87511311e-02 -1.09055517e-02  6.03988841e-02 -1.15935795e-01
 -5.10709994e-02  4.29647453e-02 -2.73356810e-02 -1.09386668e-01
  9.34019387e-02 -6.35134876e-02 -3.22904848e-02 -2.65953746e-02
  8.67770836e-02 -8.05580541e-02 -5.18087707e-02 -3.59895686e-03
 -4.74788211e-02 -1.16042196e-04 -9.98364761e-03 -2.00292096e-02
  4.02917676e-02 -9.49133281e-03  2.40342412e-02  3.85248996e-02
 -1.51612414e-02  4.02143374e-02  9.86241922e-02 -6.66851401e-02
 -1.48584824e-02 -2.31501311e-02 -7.82221369e-03 -1.29609425e-02
 -3.45107689e-02 -5.64877503e-02 -2.40768846e-02 -5.54827079e-02
  9.70441755e-03  3.91669646e-02 -4.56805304e-02 -3.25620063e-02
  1.98940653e-02  1.53547097e-02 -6.80917352e-02  7.88077638e-02
 -1.89773329e-02  4.67752479e-02 -3.83038968e-02  1.77899059e-02
 -2.07591876e-02  2.06968579e-02  6.38427287e-02  4.88726646e-02
  1.75061580e-02  9.74104702e-02 -7.81063875e-03 -4.81838873e-03
 -6.59201369e-02  1.01414928e-02  4.40728590e-02 -3.88766974e-02
 -4.23773676e-02 -1.14355693e-02  1.15578007e-02 -6.79386333e-02
  2.51173396e-02  6.73337430e-02 -5.92909306e-02 -2.87327319e-02
  1.90485716e-02 -7.13182986e-02  6.01448352e-03  6.84192288e-04
  4.54300502e-03  3.59143168e-02  1.80767123e-02 -5.51480129e-02
 -6.08627424e-02 -3.41986753e-02 -4.04986553e-02 -4.92584668e-02
 -1.19861346e-02  1.58861876e-02  4.39063124e-02  3.34049985e-02
  2.91276854e-02  9.61258262e-03  4.11178842e-02  4.50549386e-02
  2.41305772e-03 -2.32086657e-03 -3.70250903e-02 -3.43486071e-02
 -3.91896702e-02 -4.09999751e-02  1.10336840e-01 -4.04140688e-02
 -8.17551557e-03 -2.25863531e-02  1.93121303e-02 -3.15701566e-03
  4.29775417e-02  6.47597238e-02  1.89586803e-02  4.57282960e-02
  4.13778163e-02 -1.56881064e-02  3.91868167e-02  3.32296528e-02
  1.17463497e-02 -2.52978951e-02  4.38787267e-02  9.44819450e-02
 -4.96799648e-02  1.60235986e-02 -6.85089314e-03  3.43800150e-02
  7.76162967e-02 -8.63673687e-02  2.36918889e-02  3.46824415e-02
  4.51468192e-02  4.92590517e-02  1.83531567e-02 -4.54883352e-02
  2.89630927e-02 -1.39020896e-03  4.73621897e-02 -3.82321514e-02
 -1.58451423e-02 -7.56901056e-02 -2.11847626e-04  1.93996206e-02
 -1.25393141e-02 -2.44584624e-02  1.70811061e-02 -2.79313568e-02
  1.71079359e-03  1.20198973e-01  3.52036506e-02 -1.92000531e-02
 -5.60465753e-02  7.70557299e-03  3.12118791e-02 -5.35542928e-02]